% Input data
1.000000 0.005600 0.013400 0.350700 0.117900 0.000000 0.000000 0.000000 0.000000 0.000000 0.000000 0.000000 
2.000000 0.002900 0.005600 0.410500 0.053000 0.194900 0.000000 0.000000 0.000000 0.000000 0.000000 0.000000 
3.000000 0.002500 0.001100 0.238800 0.030100 0.115900 0.586800 0.000000 0.000000 0.000000 0.000000 0.000000 
4.000000 0.013300 0.006700 0.000000 0.000100 0.000500 0.076900 0.823400 0.000000 0.000000 0.000000 0.000000 
5.000000 0.047300 0.022000 0.000000 0.000000 0.000000 0.001900 0.196100 0.818000 0.000000 0.000000 0.000000 
6.000000 0.017000 0.022200 0.000000 0.000000 0.000000 0.000000 0.005000 0.173700 0.690200 0.002300 0.000000 
7.000000 0.053800 0.089700 0.000000 0.000000 0.000000 0.000000 0.000700 0.024600 0.270700 0.862600 0.027500 
8.000000 0.138600 0.236500 0.000000 0.000000 0.000000 0.000000 0.000100 0.007300 0.055000 0.358900 1.976100 

% Migration matrix
0.088800 0.000000 0.000000 0.000000 0.000000 0.000000 0.000000 0.000000 
-0.053000 0.119300 0.000000 0.000000 0.000000 0.000000 0.000000 0.000000 
-0.030100 -0.115900 0.081300 0.000000 0.000000 0.000000 0.000000 0.000000 
-0.000100 -0.000500 -0.076900 0.215200 0.000000 0.000000 0.000000 0.000000 
0.000000 0.000000 -0.001900 -0.196100 0.252900 0.000000 0.000000 0.000000 
0.000000 0.000000 0.000000 -0.005000 -0.173700 0.342700 -0.002300 0.000000 
0.000000 0.000000 0.000000 -0.000700 -0.024600 -0.270700 0.415000 -0.027500 
0.000000 0.000000 0.000000 -0.000100 -0.007300 -0.055000 -0.358900 0.166100 

% Fission matrix
0.004699 0.001964 0.000386 0.002350 0.007715 0.007786 0.031458 0.082941 
0.005501 0.002299 0.000452 0.002750 0.009031 0.009113 0.036822 0.097083 
0.003200 0.001337 0.000263 0.001600 0.005254 0.005301 0.021420 0.056476 
0.000000 0.000000 0.000000 0.000000 0.000000 0.000000 0.000000 0.000000 
0.000000 0.000000 0.000000 0.000000 0.000000 0.000000 0.000000 0.000000 
0.000000 0.000000 0.000000 0.000000 0.000000 0.000000 0.000000 0.000000 
0.000000 0.000000 0.000000 0.000000 0.000000 0.000000 0.000000 0.000000 
0.000000 0.000000 0.000000 0.000000 0.000000 0.000000 0.000000 0.000000 

% Eigenvalues
-0.000000 1.406340 -0.000000 -0.000000 

% Eigenvectors
-0.989379 -0.257193 0.207240 0.073667 
0.050893 -0.338343 -0.613807 0.046135 
0.115648 -0.768843 -0.101656 -0.894843 
0.041462 -0.275646 -0.651356 -0.112806 
0.033019 -0.219513 -0.135896 -0.178280 
0.017449 -0.116007 -0.253340 -0.371225 
0.016211 -0.107774 -0.209922 -0.059804 
0.042282 -0.281099 0.137759 0.076205 

% Largest eigenvalue
1.406340

% Eigenvector corresponding to the largest eigenvalue
0.257193
0.338343
0.768843
0.275646
0.219513
0.116007
0.107774
0.281099
